20091

2010

2011

20122

2013

2014

2015

22 664
847
6 399
875
178
30 963

–8 336
–8 639
–4 597
–4 495
–3 976
–30 043

920
–221
699

699

–203
496

151 341
81 407
232 748

68 412
39 944
6 528
73 336
19 184
207 404

25 344

25 344

1.46
1.49

19 652
918
5 422
2 783
60
28 835

–7 254
–8 236
–3 371
–3 679
–3 620
–26 160

2 675
–541
2 134

–154
1 980

–1 117
863

156 947
71 456
228 403

64 690
39 551
6 305
72 524
18 427
201 497

25 342

1 564
26 906

2.52
2.64

21 300
876
5 469
388
50
28 083

–8 810
–8 414
–61
–4 021
–3 902
–25 208

2 875
–77
2 798

–172
2 626

0
2 626

162 224
63 675
225 899

64 878
39 044
8 299
65 850
16 541
194 612

29 590

1 697
31 287

7.68
6.79

24 661
785
5 302
2 688
188
33 624

–7 763
–8 878
–2 959
–4 548
–3 953
–28 101

5 523
–1 125
4 398

–141
4 257

–56
4 201

152 812
68 691
221 503

63 670
36 117
9 384
62 020
16 286
187 477

34 002

24
34 026

11.85
11.13

28 276
542
4 735
3 325
24
36 902

–9 655
–9 581
–3 678
–4 895
–4 268
–32 077

4 825
–312
4 513

–2
4 511

–67
4 444

150 075
63 445
213 520

61 484
36 033
10 334
57 970
14 722
180 543

32 952

25
32 977

12.97
12.04

30 756
506
4 992
1 059
34
37 347

–10 577
–10 611
–1 541
–6 515
–3 876
–33 120

4 227
–658
3 569

0
3 569

–69
3 500

143 987
60 474
204 461

57 954
33 605
10 576
53 670
12 615
168 420

35 930

111
36 041

10.23
9.33

29 751
463
4 236
1 220
44
35 714

–9 848
–9 080
–1 166
–6 419
–3 882
–30 395

5 319
–651
4 668

–3
4 665

–68
4 597

137 810
58 325
196 135

55 518
30 131
10 869
55 033
10 978
162 529

33 517

89
33 606

13.44
12.93

Swiss Re 2015 Financial Report  249

